127
68
8
70
17
84
157
161
162
261
179
465
328
466
471
337
341
55
342
417
57
419
487
346
251
254
833
784
660
889
546
548
555
805
569
1065
1262
1130
1267
1134
1011
1140
1022
1023
1406
1209
1025
1218
1227
956
1161
1043
1231
1170
1232
981
1846
1588
1520
1785
1662
1788
1595
1599
1863
1604
1749
1875
1693
1757
1696
1884
1886
1889
1769
1891
1487
1775
1711
1984
1913
2256
2122
2258
2191
2399
2410
2073
2413
2207
2210
2213
2217
2376
2379
2226
2227
2103
2244
471
548
555
471
548
510
555
522
417
487
419
454
569
465
466
546
680
740
660
692
784
761
704
728
735
831
833
660
889
956
428
55
57
127
497
510
102
8
546
356
548
454
17
555
290
117
365
465
466
471
569
303
310
487
313
68
70
680
157
161
251
328
162
254
692
337
84
784
179
261
341
342
346
704
1043
1262
1112
1056
1267
1057
981
1118
1065
1130
1134
1209
1011
1140
1022
1218
1023
1025
1227
1406
1231
1232
1161
1170
1043
1487
1538
1693
1544
1696
1769
1549
1551
1775
1556
1711
1561
1846
1785
1788
1570
1573
1575
1863
1585
1586
1875
1588
1595
1884
1886
1599
1889
1891
2191
2269
2122
2277
1984
1913
2207
2210
2213
2291
2073
2294
2217
2226
2227
2300
2302
2310
2244
2438
2256
2258
2445
2376
2379
2399
2410
2413
997
42
461
469
670
477
479
318
321
103
722
503
735
514
1434
1436
1078
1216
1088
1226
1583
1228
1107
1601
850
1117
1258
902
1472
1474
975
1144
1653
1166
1309
1167
1517
1320
1539
1684
1724
2159
2337
1804
1806
2343
2006
2362
1853
2403
2419
2103
1924
2135
103
103
103
103
103
42
469
1167
670
477
479
321
722
103
735
514
516
518
126
134
524
1216
366
151
1226
850
1228
902
378
164
1258
185
568
187
997
576
197
583
591
410
592
1309
1078
1320
1088
236
423
239
1107
605
1117
434
576
583
366
1472
591
592
126
134
378
1474
605
151
410
1517
423
164
1539
434
185
187
197
1583
516
518
236
239
1601
524
568
1653
1684
1724
2296
1804
1806
2312
2135
2159
1853
2319
2177
2321
2192
1924
2325
2337
1957
2343
2270
2362
2006
2403
2419
239
239
239
239
239
