738
2
256
586
260
882
606
265
3
935
884
936
9
885
832
653
887
939
13
270
276
941
15
942
308
312
322
22
325
24
946
34
43
44
950
45
345
370
49
955
51
396
400
405
421
58
69
92
107
966
968
459
974
476
483
135
141
1103
1190
488
146
489
1221
168
1540
1646
2021
177
2072
178
509
180
206
2427
2432
526
214
549
550
551
552
238
553
241
243
2447
560
2448
582
244
245
248
355
630
286
634
638
639
644
656
668
307
323
685
1028
1036
1037
806
886
909
1093
909
1189
977
1060
1062
999
1125
1007
1012
1212
1016
1222
1399
1028
1405
1229
1418
1036
1479
1037
1423
1184
1698
1837
1557
1782
1857
1577
1590
1600
2268
2123
1975
2283
2063
2136
2237
2359
2102
2329
2440
2373
2342
2401
2201
30
304
1030
818
993
2336
30
30
304
520
358
818
993
1030
215
30
358
818
993
215
1030
520
304
2336
4
